[[0, 0, 0, 0, 0, 0], [0, 0, 0, 0, 0, 0], [0, 0, 0, 0, 0, 0], [0, 0, 0, 0, 0, 0], [0, 0, 0, 0, 0, 0], [0, 0, 0, 0, 0, 0], [0, 0, 0, 0, 0, 0]]
[[0, 0, 0, 0, 0, 0], [0, 0, 0, 0, 0, 0], [0, 0, 0, 0, 0, 0], [0, 0, 0, 0, 0, 1], [0, 0, 0, 0, 0, 0], [0, 0, 0, 0, 0, 0], [0, 0, 0, 0, 0, 2]]
[[0, 0, 0, 0, 0, 0], [0, 0, 0, 0, 0, 0], [0, 0, 0, 0, 0, 0], [0, 0, 0, 0, 1, 1], [0, 0, 0, 0, 0, 0], [0, 0, 0, 0, 0, 0], [0, 0, 0, 0, 2, 2]]
[[0, 0, 0, 0, 0, 0], [0, 0, 0, 0, 0, 0], [0, 0, 0, 0, 0, 0], [0, 0, 2, 1, 1, 1], [0, 0, 0, 0, 0, 0], [0, 0, 0, 0, 0, 0], [0, 0, 0, 0, 2, 2]]
[[0, 0, 0, 0, 0, 0], [0, 0, 0, 0, 0, 0], [0, 0, 0, 0, 0, 0], [0, 1, 2, 1, 1, 1], [0, 0, 0, 0, 0, 0], [0, 0, 0, 0, 0, 0], [0, 0, 0, 2, 2, 2]]
[[0, 0, 0, 0, 0, 0], [0, 0, 0, 0, 0, 0], [0, 0, 0, 0, 0, 0], [0, 1, 2, 1, 1, 1], [0, 0, 0, 0, 0, 0], [0, 0, 0, 0, 0, 2], [0, 0, 1, 2, 2, 2]]
[[0, 0, 0, 0, 0, 0], [0, 0, 0, 0, 0, 0], [0, 0, 0, 0, 0, 0], [1, 1, 2, 1, 1, 1], [0, 0, 0, 0, 0, 2], [0, 0, 0, 0, 0, 2], [0, 0, 1, 2, 2, 2]]
[[0, 0, 0, 0, 0, 1], [0, 0, 0, 0, 0, 0], [0, 0, 0, 0, 0, 0], [1, 1, 2, 1, 1, 1], [0, 0, 0, 0, 0, 2], [0, 0, 0, 0, 2, 2], [0, 0, 1, 2, 2, 2]]
[[0, 0, 0, 0, 1, 1], [0, 0, 0, 0, 0, 0], [0, 0, 0, 0, 0, 0], [1, 1, 2, 1, 1, 1], [0, 0, 0, 0, 0, 2], [0, 0, 0, 2, 2, 2], [0, 0, 1, 2, 2, 2]]
[[0, 0, 0, 0, 1, 1], [0, 0, 0, 0, 0, 0], [0, 0, 0, 0, 0, 0], [1, 1, 2, 1, 1, 1], [0, 0, 0, 0, 2, 2], [0, 0, 1, 2, 2, 2], [0, 0, 1, 2, 2, 2]]
[[0, 0, 0, 0, 1, 1], [0, 0, 0, 0, 0, 0], [0, 0, 0, 0, 0, 2], [1, 1, 2, 1, 1, 1], [0, 0, 0, 1, 2, 2], [0, 0, 1, 2, 2, 2], [0, 0, 1, 2, 2, 2]]
[[0, 0, 2, 1, 1, 1], [0, 0, 0, 0, 0, 0], [0, 0, 0, 0, 0, 2], [1, 1, 2, 1, 1, 1], [0, 0, 0, 1, 2, 2], [0, 0, 1, 2, 2, 2], [0, 0, 1, 2, 2, 2]]
[[0, 1, 2, 1, 1, 1], [0, 0, 0, 0, 0, 0], [0, 0, 0, 0, 0, 2], [1, 1, 2, 1, 1, 1], [0, 0, 0, 1, 2, 2], [0, 0, 1, 2, 2, 2], [0, 2, 1, 2, 2, 2]]
[[1, 1, 2, 1, 1, 1], [0, 0, 0, 0, 0, 0], [0, 0, 0, 0, 0, 2], [1, 1, 2, 1, 1, 1], [0, 0, 2, 1, 2, 2], [0, 0, 1, 2, 2, 2], [0, 2, 1, 2, 2, 2]]
[[1, 1, 2, 1, 1, 1], [0, 0, 0, 0, 0, 0], [0, 0, 0, 0, 0, 2], [1, 1, 2, 1, 1, 1], [0, 1, 2, 1, 2, 2], [0, 2, 1, 2, 2, 2], [0, 2, 1, 2, 2, 2]]
[[1, 1, 2, 1, 1, 1], [0, 0, 0, 0, 0, 0], [0, 0, 0, 0, 0, 2], [1, 1, 2, 1, 1, 1], [0, 1, 2, 1, 2, 2], [1, 2, 1, 2, 2, 2], [2, 2, 1, 2, 2, 2]]
[[1, 1, 2, 1, 1, 1], [0, 0, 0, 0, 0, 1], [0, 0, 0, 0, 0, 2], [1, 1, 2, 1, 1, 1], [2, 1, 2, 1, 2, 2], [1, 2, 1, 2, 2, 2], [2, 2, 1, 2, 2, 2]]
[[1, 1, 2, 1, 1, 1], [0, 0, 0, 0, 1, 1], [0, 0, 0, 0, 2, 2], [1, 1, 2, 1, 1, 1], [2, 1, 2, 1, 2, 2], [1, 2, 1, 2, 2, 2], [2, 2, 1, 2, 2, 2]]
[[1, 1, 2, 1, 1, 1], [0, 0, 2, 1, 1, 1], [0, 0, 0, 0, 2, 2], [1, 1, 2, 1, 1, 1], [2, 1, 2, 1, 2, 2], [1, 2, 1, 2, 2, 2], [2, 2, 1, 2, 2, 2]]
Traceback (most recent call last):
  File "connectfour.py", line 255, in <module>
    readJson(json.loads(raw_input()))
EOFError: EOF when reading a line
